6 1 011110111101111011110311100000,0,0,0.3,0
5 1 01111011110111101111031110211100000,0.3,-0.3,0,0
5 2 011111011111011111011111023111021111000000,0.3,-0.3,0,0
5 1 01111011110111101111032110211100000,-0.3,-0.3,0,0
5 3 0111111011111101111110111111022311102111110000000,0,0,0,0.3
6 3 011111101111110111111022211102131110000000,0.3,0,0,-0.3
6 4 011111100111111001111110022211100212311000000000,0,0,0.3,0
5 4 01111110011111100111111001111110022231100212211000000000,0,0,0.3,0
4 4 0000000001111110011111100111111001113110022221100212211000000000,0,0.3,0,0
4 3 00000000111111011111101111110113211022221102122110000000,0,0,0,-0.3
5 3 0111111011111101111110112211022321102122110000000,-0.3,-0.3,0,0
5 2 011111011111011111011221023221021221000000,-0.3,0,0,0
5 4 01111110011111100111111001122110022231100212211000000000,0,0,-0.3,0
4 4 0000000001111110011111100111111001123110022221100212211000000000,0,0,0.3,0
3 4 00000000011111100111111001113110011221100222211002122110,0.3,0,0,0
3 5 0000000111111011111101112310112211022221102122110,0,-0.3,0,0
3 4 00000000011111100111111001113210011221100222211002122110,0,0,0.3,0
2 4 000000000111111001113110011122100112211002222110,0.3,0,0,0
2 5 000000011111101112310111221011221102222110,0,-0.3,0,0
2 4 000000000111111001113210011122100112211002222110,0,0,0,-0.3
3 4 00000000011111100111221001113210011221100222211002122110,-0.3,0,0,0
3 5 0000000111111011122101112310112211022221102122110,0,0,0,0.3
4 5 00000001111110111221011122101122310222211021221100000000,0.3,0,-0.3,0
3 5 0000000111111011122101112310112221022221102122110,0,0,0,-0.3
4 6 000000111110112210112210122230222110122110000000,0,0,0,0.3
5 6 111110112210112210122220222130122110000000,0,0,-0.3,0
4 6 000000111110112210112210122230222120122110000000,0,0,0.3,0
3 6 000000111110112210112230122220222120122110,-0.3,-0.3,0.3,0
3 5 0000000111111011122101112320112222022221202122110,-0.3,0,0,0
2 6 000000111110112230112220122220222120,-0.3,-0.3,0.3,0
2 5 000000011111101112320111222011222202222120,-0.3,0,0,0
1 6 000000111130112220112220122220,-0.3,0.3,0,0
1 5 00000001111320111222011122201122220,0,0.3,0,0
1 4 0000000001113220011122200111222001122220,-0.3,0,0,-0.3
2 4 000000000111222001113220011122200112222002222120,-0.3,0.3,0,0
2 5 000000011122201112320111222011222202222120,-0.3,-0.3,0,-0.3
3 5 0000000111222011122201112320112222022221202122110,0,0,-0.3,0
2 6 000000112220112230112220122220222120,-0.3,-0.3,-0.3,0
1 6 000000112230112220112220122220,-0.3,-0.3,-0.3,-0.3
1 5 00000001112320111222011122201122220,-0.3,-0.3,0,0
2 3 000000001112220113222011122201122220222212,0,0.3,0,0
2 2 000000011122013222011122011222022221,0,0,0,0.3
3 2 000000011122012222013122011222022221021221,0,0,0,0.3
4 2 000000011122012222012122013222022221021221000000,0,0.3,0,0
4 1 0000001112012220121203222022220212200000,-0.3,-0.3,0.3,0
4 2 000000011122012222012122023222022221021221000000,0,-0.3,0,0
3 1 00000011120122203212022220222202122,-0.3,-0.3,0,0
3 2 000000011122012222023122022222022221021221,0.3,0,-0.3,0
2 2 000000011122013222022122022222022221,0,0,0,-0.3
3 3 0000000011122201222220223222022222202222120212211,-0.3,0,-0.3,0
2 3 000000001112220123222022222202222220222212,-0.3,-0.3,0.3,0
2 2 000000011122013222022222022222022221,-0.3,0,0,0
2 4 000000000111222001223220022222200222222002222120,-0.3,-0.3,0,-0.3
3 4 00000000011122200122222002223220022222200222212002122110,-0.3,-0.3,-0.3,0
3 5 0000000111222012222202222320222222022221202122110,-0.3,-0.3,0,-0.3
4 5 00000001112220122222022222202222320222212021221100000000,0,0,-0.3,0
3 6 000000112220222220222230222220222120122110,-0.3,-0.3,-0.3,0
2 6 000000112220222230222220222220222120,-0.3,-0.3,0,-0.3
2 5 000000011122201222320222222022222202222120,-0.3,-0.3,-0.3,0
1 5 00000001112320122222022222202222220,-0.3,-0.3,-0.3,-0.3
1 4 0000000001113220012222200222222002222220,-0.3,0,0,0
1 6 000000112230222220222220222220,0,-0.3,0,0
1 3 00000000113222012222202222220222222,-0.3,0.3,-0.3,0
1 4 0000000001123220012222200222222002222220,0,-0.3,0,0
1 2 000000013222012222022222022222,0,0,0,-0.3
2 2 000000012222013222022222022222022221,0,0,0,-0.3
3 2 000000012222012222023222022222022221021221,-0.3,-0.3,0,0
3 3 0000000012222201222220223222022222202222120212211,0,-0.3,0,0
3 1 00000012220122203222022220222202122,0,0,0.3,0
2 1 000000122203222022220222202222,0,0,0.3,0
1 1 0000003222022220222202222,-0.537,-0.537,-0.537,-0.51
1 2 000000023222022222022222022222,-0.51,-0.537,-0.3,-0.3
1 3 00000000223222022222202222220222222,-0.537,-0.537,-0.537,-0.51
1 4 0000000002223220022222200222222002222220,-0.51,-0.537,-0.537,-0.51
1 5 00000002222320222222022222202222220,-0.51,-0.537,-0.537,-0.51
2 5 000000022222202222320222222022222202222120,-0.51,-0.537,-0.3,-0.3
1 6 000000222230222220222220222220,-0.537,-0.537,-0.537,-0.51
2 1 000000222203222022220222202222,-0.537,-0.537,-0.327,-0.51
2 2 000000022222023222022222022222022221,-0.537,-0.537,-0.3,-0.3
2 3 000000002222220223222022222202222220222212,-0.51,-0.537,-0.327,-0.3
3 3 0000000022222202222220223222022222202222120212211,-0.3,-0.3,-0.3,-0.3
3 4 00000000022222200222222002223220022222200222212002122110,-0.3,-0.3,-0.327,0
3 2 000000022222022222023222022222022221021221,-0.3,-0.3,-0.3,0
2 4 000000000222222002223220022222200222222002222120,-0.51,-0.537,-0.3,-0.3
2 6 000000222220222230222220222220222120,-0.537,-0.537,-0.327,-0.3
3 1 00000022220222203222022220222202122,-0.3,-0.3,-0.327,-0.3
3 5 0000000222222022222202222320222222022221202122110,-0.3,-0.3,-0.327,0
3 6 000000222220222220222230222220222120122110,-0.3,-0.3,-0.327,0
4 1 0000002222022220222203222022220212200000,-0.3,0,0,-0.3
5 1 02222022220222202222032220212200000,-0.3,-0.3,-0.3,0
5 2 022222022222022222022222023221021221000000,-0.3,-0.3,-0.3,0
5 3 0222222022222202222220222222022321202122110000000,0,-0.3,0,0
4 2 000000022222022222022222023222022221021221000000,-0.3,0,0,-0.3
4 3 00000000222222022222202222220223222022221202122110000000,-0.3,0,-0.3,0
4 4 0000000002222220022222200222222002223220022221200212211000000000,-0.3,0,0,-0.3
5 4 02222220022222200222222002222220022231200212211000000000,0,0,-0.3,0
4 5 00000002222220222222022222202222320222212021221100000000,0,0,0,0.3
5 5 2222220222222022222202222220222232021221100000000,-0.3,-0.3,-0.3,0.3
4 5 00000002222220222222022222202222320222222021221100000000,0,0,0,-0.3
5 6 222220222220222220222220222230122110000000,-0.3,-0.3,-0.3,0
4 6 000000222220222220222220222230222220122110000000,0,0,0,-0.3
5 4 02222220022222200222222002222220022232200212211000000000,-0.3,0,0,0
6 5 222222022222202222220222222021223100000000,0.3,0,0,0
6 6 222220222220222220222220122230000000,-0.537,-0.6839999999999999,-0.537,-0.537
6 5 222222022222202222220222222021223200000000,-0.537,-0.51,-0.3,-0.3
5 5 2222220222222022222202222220222232021222200000000,-0.537,-0.3,-0.3,-0.3
4 5 00000002222220222222022222202222320222222021222200000000,-0.537,-0.3,-0.3,-0.3
3 5 0000000222222022222202222320222222022222202122220,-0.537,-0.3,-0.3,-0.3
4 6 000000222220222220222220222230222220122220000000,-0.537,-0.537,-0.537,-0.537
3 6 000000222220222220222230222220222220122220,-0.537,-0.51,-0.537,-0.537
2 6 000000222220222230222220222220222220,-0.537,-0.537,-0.327,-0.537
2 5 000000022222202222320222222022222202222220,-0.537,-0.3,-0.327,-0.327
4 4 0000000002222220022222200222222002223220022222200212222000000000,-0.3,-0.3,-0.3,0
3 4 00000000022222200222222002223220022222200222222002122220,-0.3,-0.3,-0.3,-0.3
3 3 0000000022222202222220223222022222202222220212222,-0.3,-0.3,-0.3,-0.3
3 2 000000022222022222023222022222022222021222,-0.3,0,-0.3,0
2 2 000000022222023222022222022222022222,-0.3,0,0,-0.3
2 4 000000000222222002223220022222200222222002222220,-0.3,-0.3,-0.327,-0.3
2 3 000000002222220223222022222202222220222222,-0.3,-0.3,-0.327,-0.3
5 6 222220222220222220222220222230122220000000,-0.537,-0.537,-0.537,-0.537
5 4 02222220022222200222222002222220022232200212222000000000,-0.3,-0.3,0,0
6 4 022222200222222002222220022222200212322000000000,-0.3,-0.3,-0.3,-0.3
6 3 022222202222220222222022222202132220000000,-0.3,0,0,-0.3
5 3 0222222022222202222220222222022322202122220000000,0,0,-0.3,0
4 3 00000000222222022222202222220223222022222202122220000000,-0.3,-0.3,-0.3,0
4 2 000000022222022222022222023222022222021222000000,0,0,0,-0.3
5 2 022222022222022222022222023222021222000000,0,0,0,3.3
